0.0 0.0 0.0 0.0 0.0 0.0 0.0 0.0 0.0 0.0 0.0 0.0018240422578683258 0.0 0.0 0.0 0.0 0.5676959503715799 -0.39406194791808474 0.0
0.0 0.0 0.0 0.0 0.0 0.0 0.0 0.0 0.0 0.0 0.0 0.0 0.0 0.07657431939177273 0.0 0.0 0.5428435387032169 -0.3886433256571832 0.0
0.0 0.0 0.0 0.0 0.0 0.0 0.0 0.0 0.0 0.0 0.0 0.0 0.0 0.0 0.0 0.0 0.6945398957131212 -0.5017365502501409 0.0
0.0 0.0 0.0 0.0 0.0 0.0 0.0 0.0 0.0 0.0 0.0 0.0 0.0 0.0 0.0 0.0 0.6023357744199416 -0.43241129189024896 0.0
0.0 0.0 0.0 0.0 0.0 0.0 0.0 0.009412951094683892 0.0 0.0 0.0 0.0 0.0 0.0 0.0 0.0 0.6982554019882725 -0.512239277524626 0.0
0.0 0.0 0.0 0.0 -0.012118070650581557 -0.12944757220400627 0.0 0.0 0.0 0.0 0.0 0.0 0.0 0.0 0.0 0.0 0.5633332647339 -0.3102541338559447 0.0
0.0 0.0 0.0 0.0 0.0 0.0 0.0 0.0 0.0 -0.005846260554087204 0.0 0.0 0.0 0.0 0.0 0.0 0.6341531810007495 -0.4457071118319881 0.0
0.0 0.0 0.0 0.0 0.0 0.0 0.0 0.0 0.0 0.0 0.0 0.0 0.0 0.0 0.0 0.0 0.5443123989929015 -0.381746791450064 0.0
0.0 0.0 0.0 0.0 0.0 0.0 0.0 0.0 0.0 0.0 0.0 0.0 0.0 0.0 0.0 0.0 0.46143899880054257 -0.28773520984948586 0.0
0.0 0.0 0.0 0.0 0.0 0.0 0.0 0.0 0.0 0.0 0.0 0.0 0.0 0.0 0.0 0.0 0.72835005421917 -0.5932337332426635 0.0
0.0 0.0 0.0 0.0 0.0 0.0 0.0 0.0 0.0 0.0 0.0 0.0 0.0 -0.001154458554652299 0.0 0.0 0.6580327473399539 -0.47771228415425915 0.0
0.0 0.0 0.00044846024051458484 0.0 0.0 0.0 0.0 0.0 0.0 0.0 0.0 0.0 0.0 0.0 0.0 0.0 0.68381005070948 -0.49974305844489586 0.0
0.0 0.0 0.0 0.0 0.0 0.0 -0.42617613831674706 0.0 0.0 0.0 0.0 0.0 0.0 0.0 0.0 0.0 0.5476301221338191 -0.36771840507207665 0.0
0.0 0.0 0.0 0.0 0.0 0.0 0.012915997065084641 0.0 0.0 0.0 0.0 0.0 0.0 0.0 0.0 0.0 0.4660164328873412 -0.2898590154178321 0.0
0.0 0.0 0.0 0.0 0.0 0.0 0.0 0.0 0.0 0.0 0.0 0.0 0.0 0.0 0.0 0.0 0.5045455019082109 -0.3267339203657361 0.0
0.0 0.0 0.0 0.0 0.0 0.0 0.0 0.0 0.0 0.0 -3.269274295008375e-05 0.0 0.0 0.0 0.0 0.0 0.682030705245779 -0.5084406072836827 0.0
0.0 0.0 0.0 0.0 0.0 0.0 0.003309146785372824 0.0 0.0 0.0 0.0 0.0 0.0 0.0 0.0 0.0 0.0 0.0 1.5
0.0 0.0 0.0 0.0 0.0 0.0 0.0 0.0 0.0 0.0 0.0 0.0 0.0 0.0 0.0 0.0 0.0 0.0 1.5
0.0 0.0 0.0 0.0 0.0 0.0 0.0 0.0 0.0 0.0 0.0 0.0 0.0 0.0 0.0 0.0 0.0 0.0 0.0