0.0 0.0 0.0 0.0 0.0 0.0 0.0 0.0 0.0 0.0 -0.0003519116317793468 0.019064531951182517 5.6743958622458705e-05 0.0 0.0 0.0 -0.12272893123184331 0.22317991381772512 0.0
-0.0010601231141330908 0.0 0.0 0.0 0.0 0.001108574768636208 0.0 0.0 0.0 0.0005703403487122362 0.0 -0.013344777315572981 -0.02584468755967107 0.0 0.0 0.0 0.14815293078948932 0.10339619257559646 0.0
0.0 0.0 0.0 0.0 0.0 0.0 0.0 0.0 0.0 0.0 0.0 0.0 0.0 0.0 0.0 0.0018582383375961593 0.36855494605622985 -0.12476221382176743 0.0
0.0 0.0005345476849998417 0.0 0.0 0.0 0.0 0.0 0.0031586506285555586 0.0 0.0 0.0 0.0 0.0 0.0 0.0 0.0 0.1927004445026959 0.05716300767309833 0.0
0.0 0.0 0.0 -0.024314167487092142 0.0 0.0 0.0 0.0 -0.009387678876811165 0.0 0.0 -0.08620927902611782 0.0 0.0 0.0 0.0 0.08766148323077018 0.16977473777865396 0.0
0.0 0.0 0.0 -0.01448535157307053 0.0 0.0 -0.00122434779700451 0.0 0.0 0.0 0.0 0.0 0.0 0.02112858877499977 0.0 0.0 0.10852390112291528 0.1447065226310154 0.0
0.0 0.0 0.0 0.0 0.0 0.0021322509779150367 0.0 0.0 0.0 0.0 0.0 0.0 0.0 0.0 0.0 0.0 0.2520751866347647 0.007459364829509919 0.0
0.0 0.0 0.0 -0.01949127122311072 0.0 0.0 0.0 0.0 0.0 0.0 0.0 0.0 -0.0034526013354825966 0.0 0.0 0.0 0.06920060946342843 0.18957728945674907 0.0
-0.005108428254697665 0.0 0.0 0.0 0.006194318640198082 -0.006059131781234812 -0.001520912248522232 0.0 -0.0100615463025087 0.0 0.0 0.0 0.0 0.0 0.0 0.0 0.15031274910794037 0.13104657941772366 0.0
0.0 0.0 0.0 0.0 0.0 0.0 -0.0016598431793697138 0.0 -0.009626484442086875 0.0 0.0 -0.015011101638711506 -0.009626819941798679 0.0 0.0 0.0 0.11196562314758235 0.1588306818417445 -0.005598291738218905
-0.000495610300991657 0.0001667423497587389 0.0 0.0 -0.02815118079396196 0.0 0.0 0.0 0.0 0.0 0.0 0.029393405560360894 0.0 0.0 0.0 0.0 0.14063789021205736 0.11483478389742344 0.0
0.0 0.0 0.0 0.0 0.0 0.0 -0.0021614553875934136 0.0 0.0 0.0 0.017721756497416988 0.0 0.0 0.0 0.0 0.0 -0.05917375751909537 0.29225746521578033 0.0
0.0 0.0 0.0 0.0 0.0010813528012084451 0.0 0.0 -0.0012703175786295212 0.0007957772304805989 0.0 0.0 0.0 0.0 -0.071502979253032 0.0 0.0 0.26629169738618275 0.04235190262202673 -0.0016421120100550935
0.0 0.0 0.0 0.0 0.0 -0.0010573651163026442 0.0 0.0011654763515414036 0.0 0.02007699810135994 0.0 0.00028849966595544254 0.0 0.0 0.0 9.46407466207851e-05 0.08739540576511887 0.2102878139246293 0.0
0.0 0.0 0.0 0.0 0.0 0.0 0.0 0.0 0.0 0.0 -0.0002520688697283608 0.0 0.0 0.0 0.0 0.0 0.023135438111057227 0.24640807005953436 0.0
0.0 -0.06831708950808368 0.0 0.0 0.0 0.0 0.0 0.0 0.0 0.0 0.0 0.0 0.0 0.0 0.0 0.0 0.13112797899372564 0.16747608531605898 0.0
0.0 -0.005083884850897757 0.0 0.0 0.003308291188843693 0.0 0.0016922152376838437 0.0004879677937570687 -0.0009765789940751 0.0 0.0 0.0 -0.011430865412331204 0.0 0.0 0.0 0.0 0.0 1.0
0.0 -0.0025359458277424275 0.0 -0.15882324317151755 0.0 0.0 0.0 0.0 0.0 0.0 -0.020676356009960258 -0.004264821384573755 0.002404596321444836 0.0 0.0 0.000798619617051176 0.052600080680757944 0.0 1.0
0.0 0.0 0.0 0.0 0.0 0.0 0.0 0.0 0.0 0.0 0.0 0.04158924325661116 0.0 0.0 -0.0014713170962451128 -0.005930044201566877 0.0 0.0059430297115277584 0.0